0 0.8184895833333333 0.25833333333333336 0.09791666666666667 0.13425925925925927
0 0.8653645833333333 0.09398148148148149 0.07083333333333333 0.11574074074074074
0 0.6591145833333333 0.19490740740740742 0.11510416666666666 0.27037037037037037
0 0.1296875 0.27546296296296297 0.08020833333333334 0.1111111111111111
0 0.4203125 0.6282407407407408 0.15572916666666667 0.2638888888888889
0 0.32578125 0.06805555555555555 0.058854166666666666 0.08981481481481482
0 0.15260416666666668 0.35185185185185186 0.08854166666666667 0.08055555555555556
0 0.7057291666666666 0.5138888888888888 0.0734375 0.06388888888888888
0 0.5770833333333333 0.08287037037037037 0.027604166666666666 0.04722222222222222
0 0.2864583333333333 0.6708333333333333 0.052083333333333336 0.16018518518518518
0 0.5841145833333333 0.6203703703703703 0.035416666666666666 0.04351851851851852
0 0.44921875 0.5393518518518519 0.04479166666666667 0.03333333333333333