0 0.6416666666666667 0.3851851851851852 0.15729166666666666 0.18333333333333332
0 0.40520833333333334 0.4708333333333333 0.05364583333333333 0.07407407407407407
0 0.49322916666666666 0.38657407407407407 0.07135416666666666 0.08796296296296297
0 0.025 0.3263888888888889 0.05 0.24166666666666667
0 0.6548854166666668 0.577787037037037 0.0766302083333334 0.07011111111111114
0 0.4260677083333333 0.5332222222222223 0.043947916666666725 0.050296296296296235
0 0.44704166666666667 0.5150925925925925 0.03258854166666663 0.03496296296296295
0 0.46891666666666665 0.3343518518518519 0.19753645833333328 0.13922222222222225
0 0.5151354166666666 0.33023148148148146 0.017729166666666647 0.026851851851851852
0 0.63165625 0.8291944444444445 0.056416666666666754 0.03784259259259249
0 0.09931770833333334 0.6455740740740741 0.042531249999999986 0.04625925925925929
0 0.20253125 0.6887314814814816 0.031447916666666666 0.01990740740740741
0 0.03758854166666667 0.898462962962963 0.07517708333333334 0.06773148148148156
0 0.36744791666666665 0.9678240740740741 0.08541666666666667 0.06435185185185185