0 0.3859375 0.15046296296296297 0.13125 0.17962962962962964
0 0.6690104166666667 0.07777777777777778 0.16927083333333334 0.15185185185185185
0 0.2453125 0.07824074074074074 0.10260416666666666 0.15462962962962962
0 0.7158854166666667 0.4162037037037037 0.1921875 0.20462962962962963
0 0.22630208333333332 0.33611111111111114 0.1609375 0.1712962962962963
0 0.08515625 0.18981481481481483 0.1703125 0.21203703703703702
0 0.8971354166666666 0.5013888888888889 0.2046875 0.20092592592592592
0 0.26015625 0.49583333333333335 0.19166666666666668 0.12407407407407407
0 0.6395833333333333 0.3106481481481482 0.18177083333333333 0.16203703703703703
0 0.141406 0.864815 0.236979 0.251852
0 0.578646 0.577315 0.084375 0.080556
0 0.622656 0.856944 0.160938 0.176852
0 0.827083 0.085185 0.054167 0.124074
0 0.807552 0.919907 0.198437 0.084259
0 0.344010 0.777315 0.092188 0.143519
0 0.827865 0.769444 0.205729 0.146296
0 0.145052 0.637037 0.205729 0.146296
