0 0.803125 0.362962962962963 0.24895833333333334 0.16296296296296298
0 0.61640625 0.5583333333333333 0.10885416666666667 0.15
0 0.49166666666666664 0.3509259259259259 0.2640625 0.16111111111111112
0 0.245312 0.181481 0.111458 0.107407
0 0.189844 0.831019 0.198437 0.084259
0 0.157031 0.669444 0.124479 0.092593
0 0.577865 0.870370 0.315104 0.257407
0 0.852344 0.809259 0.220312 0.179630
0 0.135937 0.521759 0.082292 0.128704
0 0.280729 0.524074 0.054167 0.124074
0 0.478906 0.206481 0.252604 0.127778
0 0.744792 0.119907 0.084375 0.080556
0 0.804427 0.637500 0.183854 0.078704
