0 0.62734375 0.08009259259259259 0.03854166666666667 0.07407407407407407
0 0.33828125 0.5060185185185185 0.034375 0.06481481481481481
0 0.5234375 0.3851851851851852 0.026041666666666668 0.04537037037037037
0 0.403125 0.5828703703703704 0.12083333333333333 0.13333333333333333
0 0.2046875 0.6888888888888889 0.19114583333333332 0.13703703703703704
0 0.23203125 0.12407407407407407 0.03229166666666667 0.05185185185185185
0 0.50546875 0.5305555555555556 0.08645833333333333 0.1398148148148148
0 0.652344 0.309722 0.059896 0.173148
0 0.901563 0.225463 0.088542 0.256481
0 0.781510 0.735185 0.094271 0.085185
0 0.409115 0.878241 0.068229 0.121296
0 0.952865 0.749074 0.084896 0.151852
0 0.224479 0.335185 0.234375 0.164815
0 0.611458 0.748148 0.080208 0.072222
0 0.436719 0.256481 0.142187 0.238889
