0 0.26328125 0.3199074074074074 0.09114583333333333 0.14074074074074075
0 0.62578125 0.10092592592592593 0.057291666666666664 0.09351851851851851
0 0.6984375 0.37037037037037035 0.04791666666666667 0.12962962962962962
0 0.82578125 0.6134259259259259 0.33229166666666665 0.2611111111111111
0 0.022917 0.282407 0.033333 0.125926
0 0.228125 0.741204 0.054167 0.113889
0 0.142187 0.271296 0.114583 0.168519
0 0.833854 0.832407 0.076042 0.068519
0 0.219792 0.597685 0.090625 0.123148
0 0.313802 0.893981 0.029687 0.067593
0 0.789844 0.041667 0.053646 0.068519
0 0.562760 0.416204 0.107813 0.097222
0 0.714323 0.851852 0.045312 0.103704
0 0.482552 0.786574 0.159896 0.150926
