0 0.4348958333333333 0.12361111111111112 0.0984375 0.13240740740740742
0 0.3875 0.044444444444444446 0.08958333333333333 0.0824074074074074
0 0.7203125 0.4222222222222222 0.33229166666666665 0.28055555555555556
0 0.8028645833333333 0.6148148148148148 0.21770833333333334 0.12314814814814815
0 0.476302 0.918519 0.205729 0.146296
0 0.694010 0.178241 0.198437 0.084259
0 0.311458 0.336574 0.115625 0.126852
0 0.886979 0.183796 0.084375 0.080556
0 0.089583 0.492130 0.119792 0.100926
0 0.241406 0.778241 0.241146 0.121296
0 0.307552 0.641667 0.252604 0.127778
0 0.954688 0.762500 0.082292 0.128704
0 0.507552 0.274537 0.092188 0.143519
0 0.164323 0.129630 0.236979 0.251852
