0 0.9328125 0.10740740740740741 0.065625 0.11944444444444445
0 0.93515625 0.36064814814814816 0.1296875 0.2833333333333333
0 0.41328125 0.027777777777777776 0.05364583333333333 0.05555555555555555
0 0.47630208333333335 0.5615740740740741 0.03958333333333333 0.07777777777777778
0 0.327083 0.827778 0.234375 0.164815
0 0.183594 0.092130 0.068229 0.121296
0 0.581250 0.679167 0.045833 0.139815
0 0.811979 0.400926 0.080208 0.072222
0 0.064062 0.315278 0.045833 0.139815
0 0.076302 0.087500 0.059896 0.173148
0 0.328385 0.615741 0.142187 0.238889
0 0.053385 0.430556 0.094271 0.085185
0 0.525781 0.400000 0.181771 0.127778
0 0.907552 0.728704 0.084896 0.151852
0 0.802604 0.639352 0.088542 0.256481
