0 0.6486263736263737 0.3212890625 0.25274725274725274 0.240234375
0 0.9618131868131868 0.6787109375 0.07582417582417582 0.2421875
0 0.7126373626373627 0.62646484375 0.19065934065934065 0.23046875
0 0.5717032967032967 0.5224609375 0.09175824175824175 0.0654296875
0 0.8741758241758242 0.49658203125 0.056043956043956046 0.04296875
0 0.9604395604395605 0.4140625 0.054945054945054944 0.0654296875
0 0.342582 0.523438 0.070879 0.056641
0 0.305495 0.713867 0.082418 0.212891
0 0.892033 0.743164 0.063187 0.097656
0 0.175549 0.128418 0.129121 0.096680
0 0.428571 0.666992 0.120879 0.144531
0 0.529121 0.881836 0.216484 0.201172
0 0.153022 0.902344 0.063187 0.097656
0 0.127198 0.316406 0.113736 0.056641
0 0.105220 0.567871 0.206044 0.247070
