0 0.80546875 0.18009259259259258 0.3 0.3
0 0.36484375 0.3125 0.08802083333333334 0.13333333333333333
0 0.8565104166666667 0.3037037037037037 0.12395833333333334 0.13333333333333333
0 0.35651041666666666 0.5694444444444444 0.09739583333333333 0.08703703703703704
0 0.04921875 0.6513888888888889 0.0984375 0.23055555555555557
0 0.39609375 0.399537037037037 0.046875 0.07777777777777778
0 0.36015625 0.4925925925925926 0.04375 0.075
0 0.7203125 0.387037037037037 0.03802083333333333 0.04814814814814815
0 0.7010416666666667 0.1310185185185185 0.10104166666666667 0.09351851851851851
0 0.46015625 0.5254629629629629 0.05 0.08425925925925926
0 0.77421875 0.3675925925925926 0.04375 0.05925925925925926
0 0.09191666666666666 0.6860925925925926 0.18383333333333332 0.1287037037037037
0 0.930859375 0.4968518518518519 0.13827604166666654 0.08946296296296302
0 0.41407812499999996 0.5619722222222222 0.028432291666666623 0.07764814814814805
0 0.8101770833333333 0.41125925925925927 0.05498958333333329 0.05544444444444444
0 0.523484375 0.44093518518518515 0.07241145833333332 0.07724999999999996
0 0.47990104166666664 0.4730185185185185 0.01890104166666665 0.07838888888888891
0 0.629948 0.804167 0.059896 0.099074
0 0.250000 0.567593 0.092708 0.072222
0 0.652865 0.581481 0.073438 0.068519
0 0.147396 0.317593 0.089583 0.083333
0 0.914062 0.954630 0.113542 0.064815
0 0.501823 0.069444 0.073438 0.122222
0 0.613542 0.058333 0.058333 0.046296
0 0.770312 0.892130 0.157292 0.089815
