0 0.26223958333333336 0.3699074074074074 0.06614583333333333 0.09259259259259259
0 0.6052083333333333 0.4236111111111111 0.07395833333333333 0.11203703703703703
0 0.30494791666666665 0.500462962962963 0.08072916666666667 0.1
0 0.2578125 0.5879629629629629 0.1203125 0.13703703703703704
0 0.4389583333333333 0.3298611111111111 0.1258333333333333 0.15231481481481482
0 0.3963541666666667 0.2810185185185185 0.09166666666666666 0.11851851851851852
0 0.4895833333333333 0.6421296296296296 0.1265625 0.18333333333333332
0 0.027604166666666666 0.28194444444444444 0.05520833333333333 0.1712962962962963
0 0.45625 0.586574074074074 0.0453125 0.10185185185185185
0 0.29279687499999996 0.7576759259259259 0.10692708333333331 0.2101481481481482
0 0.4390677083333333 0.31549074074074074 0.11006249999999997 0.23112962962962963