0 0.6109375 0.07824074074074074 0.08229166666666667 0.14537037037037037
0 0.6552083333333333 0.29583333333333334 0.1515625 0.30185185185185187
0 0.6002604166666666 0.2222222222222222 0.078125 0.12129629629629629
0 0.22864583333333333 0.5375 0.0890625 0.08055555555555556
0 0.43463541666666666 0.49907407407407406 0.1 0.09259259259259259
0 0.75625 0.3578703703703704 0.04114583333333333 0.05648148148148148
0 0.6880208333333333 0.24305555555555555 0.09166666666666666 0.1925925925925926
0 0.46979166666666666 0.5393518518518519 0.0765625 0.0962962962962963
0 0.39503125 0.6280277777777777 0.2489010416666666 0.24579629629629632
0 0.505109375 0.7957037037037037 0.05861458333333332 0.07996296296296287
0 0.31590104166666666 0.80375 0.061302083333333354 0.03993518518518529
0 0.32755729166666664 0.8842592592592593 0.0461302083333333 0.09197222222222215
0 0.258625 0.6930185185185186 0.03883854166666669 0.05419444444444442
0 0.3554322916666666 0.8441111111111111 0.03949999999999996 0.03868518518518516
0 0.390890625 0.8035925925925926 0.030479166666666658 0.027203703703703806
0 0.16033333333333333 0.8584074074074074 0.07069270833333334 0.023759259259259334
0 0.0901875 0.8015648148148149 0.08713020833333335 0.060675925925925904
0 0.09211458333333335 0.7518796296296296 0.04198958333333334 0.024981481481481497
0 0.12419270833333333 0.6622407407407408 0.01961979166666666 0.03095370370370376
0 0.11871354166666667 0.7286481481481482 0.022999999999999982 0.024722222222222263
0 0.40647395833333333 0.2348611111111111 0.035463541666666626 0.043157407407407394
0 0.31811979166666665 0.2667037037037037 0.020333333333333314 0.02339814814814813
0 0.7538802083333334 0.5752777777777778 0.059395833333333314 0.0698333333333334
0 0.6613802083333333 0.7741851851851852 0.03505208333333343 0.039046296296296364
0 0.34107291666666667 0.6155925925925926 0.04590625000000005 0.09191666666666665
0 0.3988697916666667 0.5535648148148148 0.04455208333333331 0.05221296296296306
0 0.227604 0.256944 0.145833 0.143519
0 0.924219 0.362037 0.073438 0.122222
0 0.250000 0.960185 0.058333 0.046296
0 0.411979 0.390278 0.157292 0.089815
0 0.871094 0.521296 0.143229 0.062963
0 0.079948 0.512037 0.073438 0.068519
0 0.487760 0.245370 0.116146 0.155556
0 0.622135 0.525000 0.098437 0.075926
