0 0.8552083333333333 0.4337962962962963 0.08802083333333334 0.12962962962962962
0 0.16196875000000002 0.15555555555555556 0.0859375 0.1787037037037037
0 0.3653645833333333 0.44212962962962965 0.050520833333333334 0.14166666666666666
0 0.7760416666666666 0.5069444444444444 0.042708333333333334 0.07962962962962963
0 0.4588541666666667 0.45925925925925926 0.14010416666666667 0.125
0 0.3958333333333333 0.5763888888888888 0.115625 0.16203703703703703
0 0.8583333333333333 0.600462962962963 0.06979166666666667 0.1111111111111111
0 0.9791666666666666 0.4148148148148148 0.041666666666666664 0.11481481481481481
0 0.3614583333333333 0.2833333333333333 0.0359375 0.08888888888888889
0 0.449219 0.898148 0.045312 0.103704
0 0.403125 0.110648 0.054167 0.113889
0 0.610938 0.549074 0.119792 0.112963
0 0.595052 0.412500 0.073438 0.087963
0 0.781771 0.611111 0.076042 0.068519
0 0.817969 0.193056 0.096354 0.108333
0 0.041667 0.781944 0.045833 0.076852
0 0.078646 0.127778 0.033333 0.125926
0 0.438021 0.280556 0.114583 0.168519
